0.45210100154350114
0.4117794393180864
0.48453
0.5346085647955476
0.57876006024102
0.511830583321922
0.4883963542359066
0.4923252986721267
0.5324245423996931
0.618512147939
0.4544223722703827
0.5125838998515191
0.5395665973230025
0.6320904772725797
0.5539191772416618
0.5002404945406411
0.5072438200161966
0.40436631277076024
0.5278951056238588
0.5159918997005726
0.5075231358972132
0.5546056490017021
0.5708184070618999
0.7723937173741557
0.4231776483428969
0.41884628681660274
0.5036334678446559
0.621010523160003
0.7622926981557463
0.5062139291355034
0.7242648279549377
0.5737539592320025
0.5738221839949877
0.4030995527542058
0.5663770664430001
0.6162221700034999
0.7351547713393805
0.6064321207421016
0.7144030286324748
0.5352950748227298
0.6648116492037075
0.5120798109048688
0.5446286668931205
0.39869782944601406
0.4224950973585976
0.37739979627978526
0.6930359674137483
0.5255343312572964
0.5100492507536859
0.5152816240544857
0.7133301065079548
0.5869747321622312
0.618898906960625
0.4866964309585245
0.5675624105765086
0.7408227990840925
0.7237051560405152
0.5750617068610135
0.6736054062547806
0.49353007352521333
0.6269445190433026
0.5734069003650075
0.5938129223531253
0.524568489398051
0.5043945459792586
0.5081224444801694
0.48477617887912655
0.4946301761516783
0.4912599731120512
0.7230909715738467
0.7459142871989787
0.5461237239966056
0.4910487409261972
0.6745985858053277
0.7848401132481196
0.481601606843869
0.6510349073471899
0.5522394452980102
0.7267832213014995
0.5142003894212688
0.6245370438797951
0.45436839887925917
0.5526705859940193
0.4402342694589124
0.4537315710906633
0.6349783971246703
0.4963666775549585
0.4888810495996304
0.5441262076822815
0.7577682097349797
0.6744449688888203
0.38482239965445597
0.5106317702245748
0.5772152664456187
0.4523500726018263
0.38630439931194344
0.6158335101410652
0.48805792285253763
0.5125155900377378
0.6144316389391276
0.6256378574702288
0.5584782678746564
0.5989965831152819
0.5041511576750219
0.5508980455431014
0.47598333042053975
0.37839980112416827
0.5285545467489031
0.6861536536860418
0.5415060088988274
0.5546970354489145
0.3725064112025361
0.5165657582484313
0.7475081239473953
0.6467776757242527
0.3921931249337344
0.6696461183738214
0.5709821473344351
0.5171475387746445
0.5576444546328677
0.631986537660988
0.5207384160016946
0.4059083450282952
0.7695816757173238
0.6476500170122328
0.575973946008881
0.49022248394977513
0.6994052024594567
0.6237463717285332
0.6147938404372387
0.6993604084989475
0.6112380407365492
0.5358675349779447
0.6905407315945828
0.5997776790197958
0.6546626569000643
0.5758059014499566
0.5045641383018376
0.43211172614715027
0.7054834068642022
0.5899947307879193
0.7798649803918858
0.48368702435850464
0.645823514549092
0.7406363015805077
0.5633787567636991
0.5173817850931676
0.6181678020997079
0.5563493852528437
0.5408574838875981
0.5311286881743096
0.5694380225464591
0.653787159642025
0.48257390929911376
0.47372812461162006
0.5063316055596353
0.4880593221805343
0.5109900899068566
0.5477774727266447
0.5615047776929003
0.687149719661449
0.6402292455418298
0.7311879356348728
0.6607203004915095
0.6622051434355072
0.6810517128487165
0.5464738615907406
0.6122034016726721
0.5437134872213304
0.7155235966699581
0.6406344361330943
0.6055989343994589
0.6666228573185099
0.7628203346643319
0.7450106792577017
0.7955761148610088
0.6360785807188473
0.7423317380782924
0.6846365256339727
0.669485846498371
0.5960921146256423
0.5776725621624594
0.6551120780528231
0.6083684506116679
0.6373080094489141
0.6551563045298443
0.7077037065397905
0.755315128939018
0.728333134280489
0.6266873748557098
0.6252110404505321
0.652063736090149
0.6707543706230763
0.7653422966134338
0.6539921062551917
0.7363543999911375
0.729413793106666
0.7228520884404354
0.5942543365071817
0.7960519245099615
0.525857017016326
0.5809485503550333
0.6989011615498321
0.5607011925617429
0.6903247668376989
0.7165374509812414
0.7118053934992072
0.6790255494477762
0.6683417250308361