0.5125845600000001
0.52130064
0.5059956800000002
0.5802355999999997
0.5910621600000001
0.5073798399999999
0.58304496
0.5052731199999999
0.5078897600000002
0.5439044800000004
0.5238292800000002
0.54314776
0.5286875999999999
0.59319592
0.5152568
0.5671847999999999
0.5464500800000003
0.5217782400000001
0.5109775199999999
0.5185271200000002
0.5014315200000001
0.5421723199999999
0.578642
0.6583264799999999
0.53155056
0.54422864
0.5833401600000001
0.6017624
0.6530980800000001
0.5130708
0.6217449600000002
0.5175720800000001
0.52358952
0.52477984
0.5341816
0.5517556000000001
0.6511831200000002
0.54724824
0.5930871200000002
0.6027799999999998
0.6479319199999998
0.6524661600000001
0.5553901600000001
0.5266720800000002
0.5124339199999999
0.53280528
0.6416738400000003
0.5403480000000005
0.5061475200000001
0.5197608800000001
0.6384972800000004
0.60767832
0.5771112800000001
0.5043219999999999
0.56180016
0.6626344799999999
0.6048017600000002
0.5543931199999999
0.5932140799999999
0.5020895999999999
0.54653904
0.5300647200000003
0.5416061600000001
0.51541416
0.50759536
0.5063626399999999
0.5121435199999999
0.5532303999999999
0.5077447200000001
0.60823464
0.6218909600000002
0.5136822400000003
0.5110772
0.6237165599999999
0.697494
0.5153022399999999
0.6020490399999998
0.50956296
0.6101476799999996
0.51167552
0.5432423999999999
0.51254936
0.5301301599999999
0.5359457600000002
0.50483984
0.5844784800000001
0.5030177600000002
0.5135240000000001
0.5231527200000003
0.6592340000000003
0.6450177599999997
0.5515399999999999
0.54008528
0.6091539199999998
0.57025072
0.5750746400000002
0.55731608
0.5066865600000001
0.5780414399999998
0.5589335999999999
0.5572587199999999
0.5294195999999998
0.5928186400000001
0.5436979999999999
0.5750249599999999
0.5102832800000001
0.54430112
0.5264898400000001
0.5733638399999998
0.5899483200000001
0.5811320000000001
0.5614176800000004
0.577666
0.6255595199999999
0.5824475199999999
0.5277351200000002
0.570042
0.5157537600000001
0.5137815200000001
0.5694062400000004
0.59424728
0.55389936
0.5232756800000001
0.6911870399999999
0.5735642399999998
0.5323932000000001
0.56347048
0.6259534399999995
0.6482571199999998
0.5923988000000002
0.6927988799999999
0.6927988799999999
0.5046334400000002
0.6512693600000002
0.5417067199999999
0.5858137600000001
0.55863744
0.50457896
0.5286334399999999
0.6059332800000001
0.5572509600000001
0.6700367200000003
0.5101239200000001
0.5741892
0.6282558400000001
0.53769232
0.50960392
0.5606299199999999
0.5486505599999997
0.5178267199999999
0.52132648
0.5549615999999997
0.5822368799999997
0.50259608
0.5352627999999999
0.50083208
0.52459568
0.50825416
0.54820224
0.5462467199999999
0.5838208800000002
0.5887523999999997
0.6211879999999999
0.60050976
0.5860587199999998
0.5870877600000002
0.5081165600000002
0.56324784
0.511478
0.5956520000000001
0.5678935200000002
0.52870448
0.605608
0.6488013599999998
0.6432760000000003
0.6899172000000003
0.5879595200000001
0.65594832
0.60711848
0.6039847199999999
0.5695485600000001
0.5231262399999999
0.60078632
0.56064072
0.57074952
0.5799669600000004
0.6273692000000004
0.6539899199999999
0.6276111199999997
0.5738095200000002
0.5660727199999999
0.57976872
0.5809951999999998
0.67838512
0.5768964000000003
0.6249936799999998
0.6327987199999998
0.6303611199999998
0.5256442399999999
0.7128266400000004
0.5253365599999996
0.5465800800000001
0.5981083199999999
0.5320861600000002
0.6195499199999999
0.6132308000000004
0.62400208
0.5854530399999999
0.5671392